89
160
0.000000	-1.000000	-2.000000
-1.000000	-1.000000	-2.000000
-1.000000	0.000000	-2.000000
0.000000	1.000000	-2.000000
1.000000	1.000000	-2.000000
1.000000	0.000000	-2.000000
-2.000000	0.000000	-1.000000
-2.000000	-1.000000	-1.000000
-2.000000	-1.000000	0.000000
-2.000000	0.000000	1.000000
-2.000000	1.000000	1.000000
-2.000000	1.000000	0.000000
-1.000000	-2.000000	0.000000
-1.000000	-2.000000	-1.000000
0.000000	-2.000000	-1.000000
1.000000	-2.000000	0.000000
1.000000	-2.000000	1.000000
0.000000	-2.000000	1.000000
0.000000	2.000000	1.000000
1.000000	2.000000	1.000000
1.000000	2.000000	0.000000
0.000000	2.000000	-1.000000
-1.000000	2.000000	-1.000000
-1.000000	2.000000	0.000000
2.000000	1.000000	0.000000
2.000000	1.000000	1.000000
2.000000	0.000000	1.000000
2.000000	-1.000000	0.000000
2.000000	-1.000000	-1.000000
2.000000	0.000000	-1.000000
-1.000000	1.000000	-2.000000
-2.000000	1.000000	-2.000000
1.000000	-1.000000	-2.000000
1.000000	-2.000000	-2.000000
-1.000000	-2.000000	-2.000000
-2.000000	-1.000000	-2.000000
2.000000	-1.000000	-2.000000
-1.000000	2.000000	-2.000000
1.000000	2.000000	-2.000000
2.000000	1.000000	-2.000000
-2.000000	-1.000000	1.000000
-2.000000	-2.000000	1.000000
-2.000000	1.000000	-1.000000
-2.000000	-2.000000	-1.000000
-2.000000	2.000000	-1.000000
-2.000000	-1.000000	2.000000
-2.000000	1.000000	2.000000
-2.000000	2.000000	1.000000
1.000000	-2.000000	-1.000000
-1.000000	-2.000000	1.000000
-1.000000	-2.000000	2.000000
2.000000	-2.000000	-1.000000
2.000000	-2.000000	1.000000
1.000000	-2.000000	2.000000
1.000000	2.000000	-1.000000
2.000000	2.000000	-1.000000
-1.000000	2.000000	1.000000
-1.000000	2.000000	2.000000
1.000000	2.000000	2.000000
2.000000	2.000000	1.000000
2.000000	-1.000000	1.000000
2.000000	-1.000000	2.000000
2.000000	1.000000	-1.000000
2.000000	1.000000	2.000000
0.000000	0.000000	-2.000000
0.000000	-2.000000	-2.000000
-2.000000	0.000000	-2.000000
0.000000	2.000000	-2.000000
2.000000	0.000000	-2.000000
-2.000000	0.000000	0.000000
-2.000000	-2.000000	0.000000
-2.000000	0.000000	2.000000
-2.000000	2.000000	0.000000
0.000000	-2.000000	0.000000
2.000000	-2.000000	0.000000
0.000000	-2.000000	2.000000
0.000000	2.000000	0.000000
0.000000	2.000000	2.000000
2.000000	2.000000	0.000000
2.000000	0.000000	0.000000
2.000000	0.000000	2.000000
-2.000000	2.000000	-2.000000
2.000000	-2.000000	-2.000000
-2.000000	-2.000000	-2.000000
2.000000	2.000000	-2.000000
-2.000000	-2.000000	2.000000
-2.000000	2.000000	2.000000
2.000000	-2.000000	2.000000
2.000000	2.000000	2.000000
1	2	3	1	
4	5	6	4	
7	8	9	7	
10	11	12	10	
13	14	15	13	
16	17	18	16	
19	20	21	19	
22	23	24	22	
25	26	27	25	
28	29	30	28	
31	3	32	31	
33	34	1	33	
2	35	36	2	
33	6	37	33	
31	38	4	31	
5	39	40	5	
41	9	42	41	
43	32	7	43	
8	36	44	8	
43	12	45	43	
41	46	10	41	
11	47	48	11	
49	15	34	49	
50	42	13	50	
14	44	35	14	
50	18	51	50	
49	52	16	49	
17	53	54	17	
55	21	56	55	
57	58	19	57	
20	59	60	20	
57	24	48	57	
55	39	22	55	
23	38	45	23	
61	27	62	61	
63	56	25	63	
26	60	64	26	
63	30	40	63	
61	53	28	61	
29	52	37	29	
65	1	3	65	
1	66	2	1	
3	2	67	3	
65	4	6	65	
4	68	5	4	
6	5	69	6	
70	7	9	70	
7	67	8	7	
9	8	71	9	
70	10	12	70	
10	72	11	10	
12	11	73	12	
74	13	15	74	
13	71	14	13	
15	14	66	15	
74	16	18	74	
16	75	17	16	
18	17	76	18	
77	19	21	77	
19	78	20	19	
21	20	79	21	
77	22	24	77	
22	68	23	22	
24	23	73	24	
80	25	27	80	
25	79	26	25	
27	26	81	27	
80	28	30	80	
28	75	29	28	
30	29	69	30	
82	31	32	82	
31	65	3	31	
32	3	67	32	
65	33	1	65	
33	83	34	33	
1	34	66	1	
67	2	36	67	
2	66	35	2	
36	35	84	36	
83	33	37	83	
33	65	6	33	
37	6	69	37	
65	31	4	65	
31	82	38	31	
4	38	68	4	
69	5	40	69	
5	68	39	5	
40	39	85	40	
86	41	42	86	
41	70	9	41	
42	9	71	42	
70	43	7	70	
43	82	32	43	
7	32	67	7	
71	8	44	71	
8	67	36	8	
44	36	84	44	
82	43	45	82	
43	70	12	43	
45	12	73	45	
70	41	10	70	
41	86	46	41	
10	46	72	10	
73	11	48	73	
11	72	47	11	
48	47	87	48	
83	49	34	83	
49	74	15	49	
34	15	66	34	
74	50	13	74	
50	86	42	50	
13	42	71	13	
66	14	35	66	
14	71	44	14	
35	44	84	35	
86	50	51	86	
50	74	18	50	
51	18	76	51	
74	49	16	74	
49	83	52	49	
16	52	75	16	
76	17	54	76	
17	75	53	17	
54	53	88	54	
85	55	56	85	
55	77	21	55	
56	21	79	56	
77	57	19	77	
57	87	58	57	
19	58	78	19	
79	20	60	79	
20	78	59	20	
60	59	89	60	
87	57	48	87	
57	77	24	57	
48	24	73	48	
77	55	22	77	
55	85	39	55	
22	39	68	22	
73	23	45	73	
23	68	38	23	
45	38	82	45	
88	61	62	88	
61	80	27	61	
62	27	81	62	
80	63	25	80	
63	85	56	63	
25	56	79	25	
81	26	64	81	
26	79	60	26	
64	60	89	64	
85	63	40	85	
63	80	30	63	
40	30	69	40	
80	61	28	80	
61	88	53	61	
28	53	75	28	
69	29	37	69	
29	75	52	29	
37	52	83	37	
