602
1200
-1.000000	13.000000	0.000000
-1.000000	10.400000	0.000000
-0.800000	10.400000	0.000000
-0.800000	13.000000	0.000000
-0.600000	10.400000	0.000000
-0.600000	13.000000	0.000000
-0.400000	10.400000	0.000000
-0.400000	13.000000	0.000000
-0.200000	10.400000	0.000000
-0.200000	13.000000	0.000000
0.000000	10.400000	0.000000
0.000000	13.000000	0.000000
0.200000	10.400000	0.000000
0.200000	13.000000	0.000000
0.400000	10.400000	0.000000
0.400000	13.000000	0.000000
0.600000	10.400000	0.000000
0.600000	13.000000	0.000000
0.800000	10.400000	0.000000
0.800000	13.000000	0.000000
1.000000	10.400000	0.000000
1.000000	13.000000	0.000000
-1.000000	7.800000	0.000000
-0.800000	7.800000	0.000000
-0.600000	7.800000	0.000000
-0.400000	7.800000	0.000000
-0.200000	7.800000	0.000000
0.000000	7.800000	0.000000
0.200000	7.800000	0.000000
0.400000	7.800000	0.000000
0.600000	7.800000	0.000000
0.800000	7.800000	0.000000
1.000000	7.800000	0.000000
-1.000000	5.200000	0.000000
-0.800000	5.200000	0.000000
-0.600000	5.200000	0.000000
-0.400000	5.200000	0.000000
-0.200000	5.200000	0.000000
0.000000	5.200000	0.000000
0.200000	5.200000	0.000000
0.400000	5.200000	0.000000
0.600000	5.200000	0.000000
0.800000	5.200000	0.000000
1.000000	5.200000	0.000000
-1.000000	2.600000	0.000000
-0.800000	2.600000	0.000000
-0.600000	2.600000	0.000000
-0.400000	2.600000	0.000000
-0.200000	2.600000	0.000000
0.000000	2.600000	0.000000
0.200000	2.600000	0.000000
0.400000	2.600000	0.000000
0.600000	2.600000	0.000000
0.800000	2.600000	0.000000
1.000000	2.600000	0.000000
-1.000000	0.000000	0.000000
-0.800000	-0.000000	0.000000
-0.600000	0.000000	0.000000
-0.400000	0.000000	0.000000
-0.200000	0.000000	0.000000
0.000000	0.000000	0.000000
0.200000	0.000000	0.000000
0.400000	0.000000	0.000000
0.600000	0.000000	0.000000
0.800000	0.000000	0.000000
1.000000	0.000000	0.000000
-1.000000	-2.600000	0.000000
-0.800000	-2.600000	0.000000
-0.600000	-2.600000	0.000000
-0.400000	-2.600000	0.000000
-0.200000	-2.600000	0.000000
0.000000	-2.600000	0.000000
0.200000	-2.600000	0.000000
0.400000	-2.600000	0.000000
0.600000	-2.600000	0.000000
0.800000	-2.600000	0.000000
1.000000	-2.600000	0.000000
-1.000000	-5.200000	0.000000
-0.800000	-5.200000	0.000000
-0.600000	-5.200000	0.000000
-0.400000	-5.200000	0.000000
-0.200000	-5.200000	0.000000
0.000000	-5.200000	0.000000
0.200000	-5.200000	0.000000
0.400000	-5.200000	0.000000
0.600000	-5.200000	0.000000
0.800000	-5.200000	0.000000
1.000000	-5.200000	0.000000
-1.000000	-7.800000	0.000000
-0.800000	-7.800000	0.000000
-0.600000	-7.800000	0.000000
-0.400000	-7.800000	0.000000
-0.200000	-7.800000	0.000000
0.000000	-7.800000	0.000000
0.200000	-7.800000	0.000000
0.400000	-7.800000	0.000000
0.600000	-7.800000	0.000000
0.800000	-7.800000	0.000000
1.000000	-7.800000	0.000000
-1.000000	-10.400000	0.000000
-0.800000	-10.400000	0.000000
-0.600000	-10.400000	0.000000
-0.400000	-10.400000	0.000000
-0.200000	-10.400000	0.000000
0.000000	-10.400000	0.000000
0.200000	-10.400000	0.000000
0.400000	-10.400000	0.000000
0.600000	-10.400000	0.000000
0.800000	-10.400000	0.000000
1.000000	-10.400000	0.000000
-1.000000	-13.000000	0.000000
-0.800000	-13.000000	0.000000
-0.600000	-13.000000	0.000000
-0.400000	-13.000000	0.000000
-0.200000	-13.000000	0.000000
0.000000	-13.000000	0.000000
0.200000	-13.000000	0.000000
0.400000	-13.000000	0.000000
0.600000	-13.000000	0.000000
0.800000	-13.000000	0.000000
1.000000	-13.000000	0.000000
-1.000000	-13.000000	-9.000000
-1.000000	-13.000000	-8.100000
-1.000000	-10.400000	-8.100000
-1.000000	-10.400000	-9.000000
-1.000000	-7.800000	-8.100000
-1.000000	-7.800000	-9.000000
-1.000000	-5.200000	-8.100000
-1.000000	-5.200000	-9.000000
-1.000000	-2.600000	-8.100000
-1.000000	-2.600000	-9.000000
-1.000000	-0.000000	-8.100000
-1.000000	-0.000000	-9.000000
-1.000000	2.600000	-8.100000
-1.000000	2.600000	-9.000000
-1.000000	5.200000	-8.100000
-1.000000	5.200000	-9.000000
-1.000000	7.800000	-8.100000
-1.000000	7.800000	-9.000000
-1.000000	10.400000	-8.100000
-1.000000	10.400000	-9.000000
-1.000000	13.000000	-8.100000
-1.000000	13.000000	-9.000000
-1.000000	-13.000000	-7.200000
-1.000000	-10.400000	-7.200000
-1.000000	-7.800000	-7.200000
-1.000000	-5.200000	-7.200000
-1.000000	-2.600000	-7.200000
-1.000000	0.000000	-7.200000
-1.000000	2.600000	-7.200000
-1.000000	5.200000	-7.200000
-1.000000	7.800000	-7.200000
-1.000000	10.400000	-7.200000
-1.000000	13.000000	-7.200000
-1.000000	-13.000000	-6.300000
-1.000000	-10.400000	-6.300000
-1.000000	-7.800000	-6.300000
-1.000000	-5.200000	-6.300000
-1.000000	-2.600000	-6.300000
-1.000000	0.000000	-6.300000
-1.000000	2.600000	-6.300000
-1.000000	5.200000	-6.300000
-1.000000	7.800000	-6.300000
-1.000000	10.400000	-6.300000
-1.000000	13.000000	-6.300000
-1.000000	-13.000000	-5.400000
-1.000000	-10.400000	-5.400000
-1.000000	-7.800000	-5.400000
-1.000000	-5.200000	-5.400000
-1.000000	-2.600000	-5.400000
-1.000000	0.000000	-5.400000
-1.000000	2.600000	-5.400000
-1.000000	5.200000	-5.400000
-1.000000	7.800000	-5.400000
-1.000000	10.400000	-5.400000
-1.000000	13.000000	-5.400000
-1.000000	-13.000000	-4.500000
-1.000000	-10.400000	-4.500000
-1.000000	-7.800000	-4.500000
-1.000000	-5.200000	-4.500000
-1.000000	-2.600000	-4.500000
-1.000000	0.000000	-4.500000
-1.000000	2.600000	-4.500000
-1.000000	5.200000	-4.500000
-1.000000	7.800000	-4.500000
-1.000000	10.400000	-4.500000
-1.000000	13.000000	-4.500000
-1.000000	-13.000000	-3.600000
-1.000000	-10.400000	-3.600000
-1.000000	-7.800000	-3.600000
-1.000000	-5.200000	-3.600000
-1.000000	-2.600000	-3.600000
-1.000000	0.000000	-3.600000
-1.000000	2.600000	-3.600000
-1.000000	5.200000	-3.600000
-1.000000	7.800000	-3.600000
-1.000000	10.400000	-3.600000
-1.000000	13.000000	-3.600000
-1.000000	-13.000000	-2.700000
-1.000000	-10.400000	-2.700000
-1.000000	-7.800000	-2.700000
-1.000000	-5.200000	-2.700000
-1.000000	-2.600000	-2.700000
-1.000000	0.000000	-2.700000
-1.000000	2.600000	-2.700000
-1.000000	5.200000	-2.700000
-1.000000	7.800000	-2.700000
-1.000000	10.400000	-2.700000
-1.000000	13.000000	-2.700000
-1.000000	-13.000000	-1.800000
-1.000000	-10.400000	-1.800000
-1.000000	-7.800000	-1.800000
-1.000000	-5.200000	-1.800000
-1.000000	-2.600000	-1.800000
-1.000000	0.000000	-1.800000
-1.000000	2.600000	-1.800000
-1.000000	5.200000	-1.800000
-1.000000	7.800000	-1.800000
-1.000000	10.400000	-1.800000
-1.000000	13.000000	-1.800000
-1.000000	-13.000000	-0.900000
-1.000000	-10.400000	-0.900000
-1.000000	-7.800000	-0.900000
-1.000000	-5.200000	-0.900000
-1.000000	-2.600000	-0.900000
-1.000000	0.000000	-0.900000
-1.000000	2.600000	-0.900000
-1.000000	5.200000	-0.900000
-1.000000	7.800000	-0.900000
-1.000000	10.400000	-0.900000
-1.000000	13.000000	-0.900000
-0.935951	13.000000	-8.378115
-0.951056	13.000000	-9.309017
-0.788115	13.000000	-8.629007
-0.809017	13.000000	-9.587785
-0.569007	13.000000	-8.828115
-0.587785	13.000000	-9.809017
-0.298115	13.000000	-8.955951
-0.309017	13.000000	-9.951057
0.000000	13.000000	-9.000000
-0.000000	13.000000	-10.000000
0.298115	13.000000	-8.955951
0.309017	13.000000	-9.951057
0.569007	13.000000	-8.828115
0.587785	13.000000	-9.809017
0.788115	13.000000	-8.629007
0.809017	13.000000	-9.587785
0.935951	13.000000	-8.378115
0.951056	13.000000	-9.309017
1.000000	13.000000	-8.100000
1.000000	13.000000	-9.000000
-0.920845	13.000000	-7.447214
-0.767214	13.000000	-7.670228
-0.550228	13.000000	-7.847214
-0.287214	13.000000	-7.960845
0.000000	13.000000	-8.000000
0.287214	13.000000	-7.960845
0.550228	13.000000	-7.847214
0.767214	13.000000	-7.670228
0.920845	13.000000	-7.447214
1.000000	13.000000	-7.200000
-0.905740	13.000000	-6.516312
-0.746312	13.000000	-6.711450
-0.531450	13.000000	-6.866312
-0.276312	13.000000	-6.965740
0.000000	13.000000	-7.000000
0.276312	13.000000	-6.965740
0.531450	13.000000	-6.866312
0.746312	13.000000	-6.711450
0.905740	13.000000	-6.516312
1.000000	13.000000	-6.300000
-0.890634	13.000000	-5.585410
-0.725410	13.000000	-5.752671
-0.512671	13.000000	-5.885410
-0.265410	13.000000	-5.970634
-0.000000	13.000000	-6.000000
0.265410	13.000000	-5.970634
0.512671	13.000000	-5.885410
0.725410	13.000000	-5.752671
0.890634	13.000000	-5.585410
1.000000	13.000000	-5.400000
-0.875528	13.000000	-4.654508
-0.704508	13.000000	-4.793893
-0.493893	13.000000	-4.904508
-0.254508	13.000000	-4.975528
0.000000	13.000000	-5.000000
0.254508	13.000000	-4.975528
0.493893	13.000000	-4.904508
0.704508	13.000000	-4.793893
0.875528	13.000000	-4.654508
1.000000	13.000000	-4.500000
-0.860423	13.000000	-3.723607
-0.683607	13.000000	-3.835114
-0.475114	13.000000	-3.923607
-0.243607	13.000000	-3.980423
0.000000	13.000000	-4.000000
0.243607	13.000000	-3.980423
0.475114	13.000000	-3.923607
0.683607	13.000000	-3.835114
0.860423	13.000000	-3.723607
1.000000	13.000000	-3.600000
-0.845317	13.000000	-2.792705
-0.662705	13.000000	-2.876336
-0.456336	13.000000	-2.942705
-0.232705	13.000000	-2.985317
0.000000	13.000000	-3.000000
0.232705	13.000000	-2.985317
0.456336	13.000000	-2.942705
0.662705	13.000000	-2.876336
0.845317	13.000000	-2.792705
1.000000	13.000000	-2.700000
-0.830211	13.000000	-1.861803
-0.641803	13.000000	-1.917557
-0.437557	13.000000	-1.961803
-0.221803	13.000000	-1.990211
0.000000	13.000000	-2.000000
0.221803	13.000000	-1.990211
0.437557	13.000000	-1.961803
0.641803	13.000000	-1.917557
0.830211	13.000000	-1.861803
1.000000	13.000000	-1.800000
-0.815106	13.000000	-0.930902
-0.620902	13.000000	-0.958779
-0.418779	13.000000	-0.980902
-0.210902	13.000000	-0.995106
0.000000	13.000000	-1.000000
0.210902	13.000000	-0.995106
0.418779	13.000000	-0.980902
0.620902	13.000000	-0.958779
0.815106	13.000000	-0.930902
1.000000	13.000000	-0.900000
1.000000	-13.000000	-0.900000
1.000000	-10.400000	-0.900000
1.000000	-7.800000	-0.900000
1.000000	-5.200000	-0.900000
1.000000	-2.600000	-0.900000
1.000000	0.000000	-0.900000
1.000000	2.600000	-0.900000
1.000000	5.200000	-0.900000
1.000000	7.800000	-0.900000
1.000000	10.400000	-0.900000
1.000000	-13.000000	-1.800000
1.000000	-10.400000	-1.800000
1.000000	-7.800000	-1.800000
1.000000	-5.200000	-1.800000
1.000000	-2.600000	-1.800000
1.000000	0.000000	-1.800000
1.000000	2.600000	-1.800000
1.000000	5.200000	-1.800000
1.000000	7.800000	-1.800000
1.000000	10.400000	-1.800000
1.000000	-13.000000	-2.700000
1.000000	-10.400000	-2.700000
1.000000	-7.800000	-2.700000
1.000000	-5.200000	-2.700000
1.000000	-2.600000	-2.700000
1.000000	0.000000	-2.700000
1.000000	2.600000	-2.700000
1.000000	5.200000	-2.700000
1.000000	7.800000	-2.700000
1.000000	10.400000	-2.700000
1.000000	-13.000000	-3.600000
1.000000	-10.400000	-3.600000
1.000000	-7.800000	-3.600000
1.000000	-5.200000	-3.600000
1.000000	-2.600000	-3.600000
1.000000	0.000000	-3.600000
1.000000	2.600000	-3.600000
1.000000	5.200000	-3.600000
1.000000	7.800000	-3.600000
1.000000	10.400000	-3.600000
1.000000	-13.000000	-4.500000
1.000000	-10.400000	-4.500000
1.000000	-7.800000	-4.500000
1.000000	-5.200000	-4.500000
1.000000	-2.600000	-4.500000
1.000000	0.000000	-4.500000
1.000000	2.600000	-4.500000
1.000000	5.200000	-4.500000
1.000000	7.800000	-4.500000
1.000000	10.400000	-4.500000
1.000000	-13.000000	-5.400000
1.000000	-10.400000	-5.400000
1.000000	-7.800000	-5.400000
1.000000	-5.200000	-5.400000
1.000000	-2.600000	-5.400000
1.000000	0.000000	-5.400000
1.000000	2.600000	-5.400000
1.000000	5.200000	-5.400000
1.000000	7.800000	-5.400000
1.000000	10.400000	-5.400000
1.000000	-13.000000	-6.300000
1.000000	-10.400000	-6.300000
1.000000	-7.800000	-6.300000
1.000000	-5.200000	-6.300000
1.000000	-2.600000	-6.300000
1.000000	0.000000	-6.300000
1.000000	2.600000	-6.300000
1.000000	5.200000	-6.300000
1.000000	7.800000	-6.300000
1.000000	10.400000	-6.300000
1.000000	-13.000000	-7.200000
1.000000	-10.400000	-7.200000
1.000000	-7.800000	-7.200000
1.000000	-5.200000	-7.200000
1.000000	-2.600000	-7.200000
1.000000	0.000000	-7.200000
1.000000	2.600000	-7.200000
1.000000	5.200000	-7.200000
1.000000	7.800000	-7.200000
1.000000	10.400000	-7.200000
1.000000	-13.000000	-8.100000
1.000000	-10.400000	-8.100000
1.000000	-7.800000	-8.100000
1.000000	-5.200000	-8.100000
1.000000	-2.600000	-8.100000
1.000000	0.000000	-8.100000
1.000000	2.600000	-8.100000
1.000000	5.200000	-8.100000
1.000000	7.800000	-8.100000
1.000000	10.400000	-8.100000
1.000000	-13.000000	-9.000000
1.000000	-10.400000	-9.000000
1.000000	-7.800000	-9.000000
1.000000	-5.200000	-9.000000
1.000000	-2.600000	-9.000000
1.000000	-0.000000	-9.000000
1.000000	2.600000	-9.000000
1.000000	5.200000	-9.000000
1.000000	7.800000	-9.000000
1.000000	10.400000	-9.000000
-0.815106	-13.000000	-0.930902
-0.620902	-13.000000	-0.958779
-0.418779	-13.000000	-0.980902
-0.210902	-13.000000	-0.995106
0.000000	-13.000000	-1.000000
0.210902	-13.000000	-0.995106
0.418779	-13.000000	-0.980902
0.620902	-13.000000	-0.958779
0.815106	-13.000000	-0.930902
-0.830211	-13.000000	-1.861803
-0.641803	-13.000000	-1.917557
-0.437557	-13.000000	-1.961803
-0.221803	-13.000000	-1.990211
0.000000	-13.000000	-2.000000
0.221803	-13.000000	-1.990211
0.437557	-13.000000	-1.961803
0.641803	-13.000000	-1.917557
0.830211	-13.000000	-1.861803
-0.845317	-13.000000	-2.792705
-0.662705	-13.000000	-2.876336
-0.456336	-13.000000	-2.942705
-0.232705	-13.000000	-2.985317
0.000000	-13.000000	-3.000000
0.232705	-13.000000	-2.985317
0.456336	-13.000000	-2.942705
0.662705	-13.000000	-2.876336
0.845317	-13.000000	-2.792705
-0.860423	-13.000000	-3.723607
-0.683607	-13.000000	-3.835114
-0.475114	-13.000000	-3.923607
-0.243607	-13.000000	-3.980423
0.000000	-13.000000	-4.000000
0.243607	-13.000000	-3.980423
0.475114	-13.000000	-3.923607
0.683607	-13.000000	-3.835114
0.860423	-13.000000	-3.723607
-0.875528	-13.000000	-4.654508
-0.704508	-13.000000	-4.793893
-0.493893	-13.000000	-4.904508
-0.254508	-13.000000	-4.975528
0.000000	-13.000000	-5.000000
0.254508	-13.000000	-4.975528
0.493893	-13.000000	-4.904508
0.704508	-13.000000	-4.793893
0.875528	-13.000000	-4.654508
-0.890634	-13.000000	-5.585410
-0.725410	-13.000000	-5.752671
-0.512671	-13.000000	-5.885410
-0.265410	-13.000000	-5.970634
0.000000	-13.000000	-6.000000
0.265410	-13.000000	-5.970634
0.512671	-13.000000	-5.885410
0.725410	-13.000000	-5.752671
0.890634	-13.000000	-5.585410
-0.905740	-13.000000	-6.516312
-0.746312	-13.000000	-6.711450
-0.531450	-13.000000	-6.866312
-0.276312	-13.000000	-6.965740
-0.000000	-13.000000	-7.000000
0.276312	-13.000000	-6.965740
0.531450	-13.000000	-6.866312
0.746312	-13.000000	-6.711450
0.905740	-13.000000	-6.516312
-0.920845	-13.000000	-7.447214
-0.767214	-13.000000	-7.670228
-0.550228	-13.000000	-7.847214
-0.287214	-13.000000	-7.960845
-0.000000	-13.000000	-8.000000
0.287214	-13.000000	-7.960845
0.550228	-13.000000	-7.847214
0.767214	-13.000000	-7.670228
0.920845	-13.000000	-7.447214
-0.935951	-13.000000	-8.378115
-0.788115	-13.000000	-8.629007
-0.569007	-13.000000	-8.828115
-0.298115	-13.000000	-8.955951
0.000000	-13.000000	-9.000000
0.298115	-13.000000	-8.955951
0.569007	-13.000000	-8.828115
0.788115	-13.000000	-8.629007
0.935951	-13.000000	-8.378115
-0.951056	-13.000000	-9.309017
-0.809017	-13.000000	-9.587785
-0.587785	-13.000000	-9.809017
-0.309017	-13.000000	-9.951057
-0.000000	-13.000000	-10.000000
0.309017	-13.000000	-9.951057
0.587785	-13.000000	-9.809017
0.809017	-13.000000	-9.587785
0.951056	-13.000000	-9.309017
0.951056	-10.400000	-9.309017
0.951056	-7.800000	-9.309017
0.951056	-5.200000	-9.309017
0.951056	-2.600000	-9.309017
0.951056	-0.000000	-9.309017
0.951056	2.600000	-9.309017
0.951056	5.200000	-9.309017
0.951056	7.800000	-9.309017
0.951056	10.400000	-9.309017
0.809017	-10.400000	-9.587785
0.809017	-7.800000	-9.587785
0.809017	-5.200000	-9.587785
0.809017	-2.600000	-9.587785
0.809017	-0.000000	-9.587785
0.809017	2.600000	-9.587785
0.809017	5.200000	-9.587785
0.809017	7.800000	-9.587785
0.809017	10.400000	-9.587785
0.587785	-10.400000	-9.809017
0.587785	-7.800000	-9.809017
0.587785	-5.200000	-9.809017
0.587785	-2.600000	-9.809017
0.587785	-0.000000	-9.809017
0.587785	2.600000	-9.809017
0.587785	5.200000	-9.809017
0.587785	7.800000	-9.809017
0.587785	10.400000	-9.809017
0.309017	-10.400000	-9.951057
0.309017	-7.800000	-9.951057
0.309017	-5.200000	-9.951057
0.309017	-2.600000	-9.951057
0.309017	-0.000000	-9.951057
0.309017	2.600000	-9.951057
0.309017	5.200000	-9.951057
0.309017	7.800000	-9.951057
0.309017	10.400000	-9.951057
-0.000000	-10.400000	-10.000000
-0.000000	-7.800000	-10.000000
-0.000000	-5.200000	-10.000000
-0.000000	-2.600000	-10.000000
-0.000000	-0.000000	-10.000000
-0.000000	2.600000	-10.000000
-0.000000	5.200000	-10.000000
-0.000000	7.800000	-10.000000
-0.000000	10.400000	-10.000000
-0.309017	-10.400000	-9.951057
-0.309017	-7.800000	-9.951057
-0.309017	-5.200000	-9.951057
-0.309017	-2.600000	-9.951057
-0.309017	-0.000000	-9.951057
-0.309017	2.600000	-9.951057
-0.309017	5.200000	-9.951057
-0.309017	7.800000	-9.951057
-0.309017	10.400000	-9.951057
-0.587785	-10.400000	-9.809017
-0.587785	-7.800000	-9.809017
-0.587785	-5.200000	-9.809017
-0.587785	-2.600000	-9.809017
-0.587785	-0.000000	-9.809017
-0.587785	2.600000	-9.809017
-0.587785	5.200000	-9.809017
-0.587785	7.800000	-9.809017
-0.587785	10.400000	-9.809017
-0.809017	-10.400000	-9.587785
-0.809017	-7.800000	-9.587785
-0.809017	-5.200000	-9.587785
-0.809017	-2.600000	-9.587785
-0.809017	-0.000000	-9.587785
-0.809017	2.600000	-9.587785
-0.809017	5.200000	-9.587785
-0.809017	7.800000	-9.587785
-0.809017	10.400000	-9.587785
-0.951056	-10.400000	-9.309017
-0.951056	-7.800000	-9.309017
-0.951056	-5.200000	-9.309017
-0.951056	-2.600000	-9.309017
-0.951056	-0.000000	-9.309017
-0.951056	2.600000	-9.309017
-0.951056	5.200000	-9.309017
-0.951056	7.800000	-9.309017
-0.951056	10.400000	-9.309017
1	2	3	1	
1	3	4	1	
4	3	5	4	
4	5	6	4	
6	5	7	6	
6	7	8	6	
8	7	9	8	
8	9	10	8	
10	9	11	10	
10	11	12	10	
12	11	13	12	
12	13	14	12	
14	13	15	14	
14	15	16	14	
16	15	17	16	
16	17	18	16	
18	17	19	18	
18	19	20	18	
20	19	21	20	
20	21	22	20	
2	23	24	2	
2	24	3	2	
3	24	25	3	
3	25	5	3	
5	25	26	5	
5	26	7	5	
7	26	27	7	
7	27	9	7	
9	27	28	9	
9	28	11	9	
11	28	29	11	
11	29	13	11	
13	29	30	13	
13	30	15	13	
15	30	31	15	
15	31	17	15	
17	31	32	17	
17	32	19	17	
19	32	33	19	
19	33	21	19	
23	34	35	23	
23	35	24	23	
24	35	36	24	
24	36	25	24	
25	36	37	25	
25	37	26	25	
26	37	38	26	
26	38	27	26	
27	38	39	27	
27	39	28	27	
28	39	40	28	
28	40	29	28	
29	40	41	29	
29	41	30	29	
30	41	42	30	
30	42	31	30	
31	42	43	31	
31	43	32	31	
32	43	44	32	
32	44	33	32	
34	45	46	34	
34	46	35	34	
35	46	47	35	
35	47	36	35	
36	47	48	36	
36	48	37	36	
37	48	49	37	
37	49	38	37	
38	49	50	38	
38	50	39	38	
39	50	51	39	
39	51	40	39	
40	51	52	40	
40	52	41	40	
41	52	53	41	
41	53	42	41	
42	53	54	42	
42	54	43	42	
43	54	55	43	
43	55	44	43	
45	56	57	45	
45	57	46	45	
46	57	58	46	
46	58	47	46	
47	58	59	47	
47	59	48	47	
48	59	60	48	
48	60	49	48	
49	60	61	49	
49	61	50	49	
50	61	62	50	
50	62	51	50	
51	62	63	51	
51	63	52	51	
52	63	64	52	
52	64	53	52	
53	64	65	53	
53	65	54	53	
54	65	66	54	
54	66	55	54	
56	67	68	56	
56	68	57	56	
57	68	69	57	
57	69	58	57	
58	69	70	58	
58	70	59	58	
59	70	71	59	
59	71	60	59	
60	71	72	60	
60	72	61	60	
61	72	73	61	
61	73	62	61	
62	73	74	62	
62	74	63	62	
63	74	75	63	
63	75	64	63	
64	75	76	64	
64	76	65	64	
65	76	77	65	
65	77	66	65	
67	78	79	67	
67	79	68	67	
68	79	80	68	
68	80	69	68	
69	80	81	69	
69	81	70	69	
70	81	82	70	
70	82	71	70	
71	82	83	71	
71	83	72	71	
72	83	84	72	
72	84	73	72	
73	84	85	73	
73	85	74	73	
74	85	86	74	
74	86	75	74	
75	86	87	75	
75	87	76	75	
76	87	88	76	
76	88	77	76	
78	89	90	78	
78	90	79	78	
79	90	91	79	
79	91	80	79	
80	91	92	80	
80	92	81	80	
81	92	93	81	
81	93	82	81	
82	93	94	82	
82	94	83	82	
83	94	95	83	
83	95	84	83	
84	95	96	84	
84	96	85	84	
85	96	97	85	
85	97	86	85	
86	97	98	86	
86	98	87	86	
87	98	99	87	
87	99	88	87	
89	100	101	89	
89	101	90	89	
90	101	102	90	
90	102	91	90	
91	102	103	91	
91	103	92	91	
92	103	104	92	
92	104	93	92	
93	104	105	93	
93	105	94	93	
94	105	106	94	
94	106	95	94	
95	106	107	95	
95	107	96	95	
96	107	108	96	
96	108	97	96	
97	108	109	97	
97	109	98	97	
98	109	110	98	
98	110	99	98	
100	111	112	100	
100	112	101	100	
101	112	113	101	
101	113	102	101	
102	113	114	102	
102	114	103	102	
103	114	115	103	
103	115	104	103	
104	115	116	104	
104	116	105	104	
105	116	117	105	
105	117	106	105	
106	117	118	106	
106	118	107	106	
107	118	119	107	
107	119	108	107	
108	119	120	108	
108	120	109	108	
109	120	121	109	
109	121	110	109	
122	123	124	122	
122	124	125	122	
125	124	126	125	
125	126	127	125	
127	126	128	127	
127	128	129	127	
129	128	130	129	
129	130	131	129	
131	130	132	131	
131	132	133	131	
133	132	134	133	
133	134	135	133	
135	134	136	135	
135	136	137	135	
137	136	138	137	
137	138	139	137	
139	138	140	139	
139	140	141	139	
141	140	142	141	
141	142	143	141	
123	144	145	123	
123	145	124	123	
124	145	146	124	
124	146	126	124	
126	146	147	126	
126	147	128	126	
128	147	148	128	
128	148	130	128	
130	148	149	130	
130	149	132	130	
132	149	150	132	
132	150	134	132	
134	150	151	134	
134	151	136	134	
136	151	152	136	
136	152	138	136	
138	152	153	138	
138	153	140	138	
140	153	154	140	
140	154	142	140	
144	155	156	144	
144	156	145	144	
145	156	157	145	
145	157	146	145	
146	157	158	146	
146	158	147	146	
147	158	159	147	
147	159	148	147	
148	159	160	148	
148	160	149	148	
149	160	161	149	
149	161	150	149	
150	161	162	150	
150	162	151	150	
151	162	163	151	
151	163	152	151	
152	163	164	152	
152	164	153	152	
153	164	165	153	
153	165	154	153	
155	166	167	155	
155	167	156	155	
156	167	168	156	
156	168	157	156	
157	168	169	157	
157	169	158	157	
158	169	170	158	
158	170	159	158	
159	170	171	159	
159	171	160	159	
160	171	172	160	
160	172	161	160	
161	172	173	161	
161	173	162	161	
162	173	174	162	
162	174	163	162	
163	174	175	163	
163	175	164	163	
164	175	176	164	
164	176	165	164	
166	177	178	166	
166	178	167	166	
167	178	179	167	
167	179	168	167	
168	179	180	168	
168	180	169	168	
169	180	181	169	
169	181	170	169	
170	181	182	170	
170	182	171	170	
171	182	183	171	
171	183	172	171	
172	183	184	172	
172	184	173	172	
173	184	185	173	
173	185	174	173	
174	185	186	174	
174	186	175	174	
175	186	187	175	
175	187	176	175	
177	188	189	177	
177	189	178	177	
178	189	190	178	
178	190	179	178	
179	190	191	179	
179	191	180	179	
180	191	192	180	
180	192	181	180	
181	192	193	181	
181	193	182	181	
182	193	194	182	
182	194	183	182	
183	194	195	183	
183	195	184	183	
184	195	196	184	
184	196	185	184	
185	196	197	185	
185	197	186	185	
186	197	198	186	
186	198	187	186	
188	199	200	188	
188	200	189	188	
189	200	201	189	
189	201	190	189	
190	201	202	190	
190	202	191	190	
191	202	203	191	
191	203	192	191	
192	203	204	192	
192	204	193	192	
193	204	205	193	
193	205	194	193	
194	205	206	194	
194	206	195	194	
195	206	207	195	
195	207	196	195	
196	207	208	196	
196	208	197	196	
197	208	209	197	
197	209	198	197	
199	210	211	199	
199	211	200	199	
200	211	212	200	
200	212	201	200	
201	212	213	201	
201	213	202	201	
202	213	214	202	
202	214	203	202	
203	214	215	203	
203	215	204	203	
204	215	216	204	
204	216	205	204	
205	216	217	205	
205	217	206	205	
206	217	218	206	
206	218	207	206	
207	218	219	207	
207	219	208	207	
208	219	220	208	
208	220	209	208	
210	221	222	210	
210	222	211	210	
211	222	223	211	
211	223	212	211	
212	223	224	212	
212	224	213	212	
213	224	225	213	
213	225	214	213	
214	225	226	214	
214	226	215	214	
215	226	227	215	
215	227	216	215	
216	227	228	216	
216	228	217	216	
217	228	229	217	
217	229	218	217	
218	229	230	218	
218	230	219	218	
219	230	231	219	
219	231	220	219	
221	111	100	221	
221	100	222	221	
222	100	89	222	
222	89	223	222	
223	89	78	223	
223	78	224	223	
224	78	67	224	
224	67	225	224	
225	67	56	225	
225	56	226	225	
226	56	45	226	
226	45	227	226	
227	45	34	227	
227	34	228	227	
228	34	23	228	
228	23	229	228	
229	23	2	229	
229	2	230	229	
230	2	1	230	
230	1	231	230	
143	142	232	143	
143	232	233	143	
233	232	234	233	
233	234	235	233	
235	234	236	235	
235	236	237	235	
237	236	238	237	
237	238	239	237	
239	238	240	239	
239	240	241	239	
241	240	242	241	
241	242	243	241	
243	242	244	243	
243	244	245	243	
245	244	246	245	
245	246	247	245	
247	246	248	247	
247	248	249	247	
249	248	250	249	
249	250	251	249	
142	154	252	142	
142	252	232	142	
232	252	253	232	
232	253	234	232	
234	253	254	234	
234	254	236	234	
236	254	255	236	
236	255	238	236	
238	255	256	238	
238	256	240	238	
240	256	257	240	
240	257	242	240	
242	257	258	242	
242	258	244	242	
244	258	259	244	
244	259	246	244	
246	259	260	246	
246	260	248	246	
248	260	261	248	
248	261	250	248	
154	165	262	154	
154	262	252	154	
252	262	263	252	
252	263	253	252	
253	263	264	253	
253	264	254	253	
254	264	265	254	
254	265	255	254	
255	265	266	255	
255	266	256	255	
256	266	267	256	
256	267	257	256	
257	267	268	257	
257	268	258	257	
258	268	269	258	
258	269	259	258	
259	269	270	259	
259	270	260	259	
260	270	271	260	
260	271	261	260	
165	176	272	165	
165	272	262	165	
262	272	273	262	
262	273	263	262	
263	273	274	263	
263	274	264	263	
264	274	275	264	
264	275	265	264	
265	275	276	265	
265	276	266	265	
266	276	277	266	
266	277	267	266	
267	277	278	267	
267	278	268	267	
268	278	279	268	
268	279	269	268	
269	279	280	269	
269	280	270	269	
270	280	281	270	
270	281	271	270	
176	187	282	176	
176	282	272	176	
272	282	283	272	
272	283	273	272	
273	283	284	273	
273	284	274	273	
274	284	285	274	
274	285	275	274	
275	285	286	275	
275	286	276	275	
276	286	287	276	
276	287	277	276	
277	287	288	277	
277	288	278	277	
278	288	289	278	
278	289	279	278	
279	289	290	279	
279	290	280	279	
280	290	291	280	
280	291	281	280	
187	198	292	187	
187	292	282	187	
282	292	293	282	
282	293	283	282	
283	293	294	283	
283	294	284	283	
284	294	295	284	
284	295	285	284	
285	295	296	285	
285	296	286	285	
286	296	297	286	
286	297	287	286	
287	297	298	287	
287	298	288	287	
288	298	299	288	
288	299	289	288	
289	299	300	289	
289	300	290	289	
290	300	301	290	
290	301	291	290	
198	209	302	198	
198	302	292	198	
292	302	303	292	
292	303	293	292	
293	303	304	293	
293	304	294	293	
294	304	305	294	
294	305	295	294	
295	305	306	295	
295	306	296	295	
296	306	307	296	
296	307	297	296	
297	307	308	297	
297	308	298	297	
298	308	309	298	
298	309	299	298	
299	309	310	299	
299	310	300	299	
300	310	311	300	
300	311	301	300	
209	220	312	209	
209	312	302	209	
302	312	313	302	
302	313	303	302	
303	313	314	303	
303	314	304	303	
304	314	315	304	
304	315	305	304	
305	315	316	305	
305	316	306	305	
306	316	317	306	
306	317	307	306	
307	317	318	307	
307	318	308	307	
308	318	319	308	
308	319	309	308	
309	319	320	309	
309	320	310	309	
310	320	321	310	
310	321	311	310	
220	231	322	220	
220	322	312	220	
312	322	323	312	
312	323	313	312	
313	323	324	313	
313	324	314	313	
314	324	325	314	
314	325	315	314	
315	325	326	315	
315	326	316	315	
316	326	327	316	
316	327	317	316	
317	327	328	317	
317	328	318	317	
318	328	329	318	
318	329	319	318	
319	329	330	319	
319	330	320	319	
320	330	331	320	
320	331	321	320	
231	1	4	231	
231	4	322	231	
322	4	6	322	
322	6	323	322	
323	6	8	323	
323	8	324	323	
324	8	10	324	
324	10	325	324	
325	10	12	325	
325	12	326	325	
326	12	14	326	
326	14	327	326	
327	14	16	327	
327	16	328	327	
328	16	18	328	
328	18	329	328	
329	18	20	329	
329	20	330	329	
330	20	22	330	
330	22	331	330	
121	332	333	121	
121	333	110	121	
110	333	334	110	
110	334	99	110	
99	334	335	99	
99	335	88	99	
88	335	336	88	
88	336	77	88	
77	336	337	77	
77	337	66	77	
66	337	338	66	
66	338	55	66	
55	338	339	55	
55	339	44	55	
44	339	340	44	
44	340	33	44	
33	340	341	33	
33	341	21	33	
21	341	331	21	
21	331	22	21	
332	342	343	332	
332	343	333	332	
333	343	344	333	
333	344	334	333	
334	344	345	334	
334	345	335	334	
335	345	346	335	
335	346	336	335	
336	346	347	336	
336	347	337	336	
337	347	348	337	
337	348	338	337	
338	348	349	338	
338	349	339	338	
339	349	350	339	
339	350	340	339	
340	350	351	340	
340	351	341	340	
341	351	321	341	
341	321	331	341	
342	352	353	342	
342	353	343	342	
343	353	354	343	
343	354	344	343	
344	354	355	344	
344	355	345	344	
345	355	356	345	
345	356	346	345	
346	356	357	346	
346	357	347	346	
347	357	358	347	
347	358	348	347	
348	358	359	348	
348	359	349	348	
349	359	360	349	
349	360	350	349	
350	360	361	350	
350	361	351	350	
351	361	311	351	
351	311	321	351	
352	362	363	352	
352	363	353	352	
353	363	364	353	
353	364	354	353	
354	364	365	354	
354	365	355	354	
355	365	366	355	
355	366	356	355	
356	366	367	356	
356	367	357	356	
357	367	368	357	
357	368	358	357	
358	368	369	358	
358	369	359	358	
359	369	370	359	
359	370	360	359	
360	370	371	360	
360	371	361	360	
361	371	301	361	
361	301	311	361	
362	372	373	362	
362	373	363	362	
363	373	374	363	
363	374	364	363	
364	374	375	364	
364	375	365	364	
365	375	376	365	
365	376	366	365	
366	376	377	366	
366	377	367	366	
367	377	378	367	
367	378	368	367	
368	378	379	368	
368	379	369	368	
369	379	380	369	
369	380	370	369	
370	380	381	370	
370	381	371	370	
371	381	291	371	
371	291	301	371	
372	382	383	372	
372	383	373	372	
373	383	384	373	
373	384	374	373	
374	384	385	374	
374	385	375	374	
375	385	386	375	
375	386	376	375	
376	386	387	376	
376	387	377	376	
377	387	388	377	
377	388	378	377	
378	388	389	378	
378	389	379	378	
379	389	390	379	
379	390	380	379	
380	390	391	380	
380	391	381	380	
381	391	281	381	
381	281	291	381	
382	392	393	382	
382	393	383	382	
383	393	394	383	
383	394	384	383	
384	394	395	384	
384	395	385	384	
385	395	396	385	
385	396	386	385	
386	396	397	386	
386	397	387	386	
387	397	398	387	
387	398	388	387	
388	398	399	388	
388	399	389	388	
389	399	400	389	
389	400	390	389	
390	400	401	390	
390	401	391	390	
391	401	271	391	
391	271	281	391	
392	402	403	392	
392	403	393	392	
393	403	404	393	
393	404	394	393	
394	404	405	394	
394	405	395	394	
395	405	406	395	
395	406	396	395	
396	406	407	396	
396	407	397	396	
397	407	408	397	
397	408	398	397	
398	408	409	398	
398	409	399	398	
399	409	410	399	
399	410	400	399	
400	410	411	400	
400	411	401	400	
401	411	261	401	
401	261	271	401	
402	412	413	402	
402	413	403	402	
403	413	414	403	
403	414	404	403	
404	414	415	404	
404	415	405	404	
405	415	416	405	
405	416	406	405	
406	416	417	406	
406	417	407	406	
407	417	418	407	
407	418	408	407	
408	418	419	408	
408	419	409	408	
409	419	420	409	
409	420	410	409	
410	420	421	410	
410	421	411	410	
411	421	250	411	
411	250	261	411	
412	422	423	412	
412	423	413	412	
413	423	424	413	
413	424	414	413	
414	424	425	414	
414	425	415	414	
415	425	426	415	
415	426	416	415	
416	426	427	416	
416	427	417	416	
417	427	428	417	
417	428	418	417	
418	428	429	418	
418	429	419	418	
419	429	430	419	
419	430	420	419	
420	430	431	420	
420	431	421	420	
421	431	251	421	
421	251	250	421	
111	221	432	111	
111	432	112	111	
112	432	433	112	
112	433	113	112	
113	433	434	113	
113	434	114	113	
114	434	435	114	
114	435	115	114	
115	435	436	115	
115	436	116	115	
116	436	437	116	
116	437	117	116	
117	437	438	117	
117	438	118	117	
118	438	439	118	
118	439	119	118	
119	439	440	119	
119	440	120	119	
120	440	332	120	
120	332	121	120	
221	210	441	221	
221	441	432	221	
432	441	442	432	
432	442	433	432	
433	442	443	433	
433	443	434	433	
434	443	444	434	
434	444	435	434	
435	444	445	435	
435	445	436	435	
436	445	446	436	
436	446	437	436	
437	446	447	437	
437	447	438	437	
438	447	448	438	
438	448	439	438	
439	448	449	439	
439	449	440	439	
440	449	342	440	
440	342	332	440	
210	199	450	210	
210	450	441	210	
441	450	451	441	
441	451	442	441	
442	451	452	442	
442	452	443	442	
443	452	453	443	
443	453	444	443	
444	453	454	444	
444	454	445	444	
445	454	455	445	
445	455	446	445	
446	455	456	446	
446	456	447	446	
447	456	457	447	
447	457	448	447	
448	457	458	448	
448	458	449	448	
449	458	352	449	
449	352	342	449	
199	188	459	199	
199	459	450	199	
450	459	460	450	
450	460	451	450	
451	460	461	451	
451	461	452	451	
452	461	462	452	
452	462	453	452	
453	462	463	453	
453	463	454	453	
454	463	464	454	
454	464	455	454	
455	464	465	455	
455	465	456	455	
456	465	466	456	
456	466	457	456	
457	466	467	457	
457	467	458	457	
458	467	362	458	
458	362	352	458	
188	177	468	188	
188	468	459	188	
459	468	469	459	
459	469	460	459	
460	469	470	460	
460	470	461	460	
461	470	471	461	
461	471	462	461	
462	471	472	462	
462	472	463	462	
463	472	473	463	
463	473	464	463	
464	473	474	464	
464	474	465	464	
465	474	475	465	
465	475	466	465	
466	475	476	466	
466	476	467	466	
467	476	372	467	
467	372	362	467	
177	166	477	177	
177	477	468	177	
468	477	478	468	
468	478	469	468	
469	478	479	469	
469	479	470	469	
470	479	480	470	
470	480	471	470	
471	480	481	471	
471	481	472	471	
472	481	482	472	
472	482	473	472	
473	482	483	473	
473	483	474	473	
474	483	484	474	
474	484	475	474	
475	484	485	475	
475	485	476	475	
476	485	382	476	
476	382	372	476	
166	155	486	166	
166	486	477	166	
477	486	487	477	
477	487	478	477	
478	487	488	478	
478	488	479	478	
479	488	489	479	
479	489	480	479	
480	489	490	480	
480	490	481	480	
481	490	491	481	
481	491	482	481	
482	491	492	482	
482	492	483	482	
483	492	493	483	
483	493	484	483	
484	493	494	484	
484	494	485	484	
485	494	392	485	
485	392	382	485	
155	144	495	155	
155	495	486	155	
486	495	496	486	
486	496	487	486	
487	496	497	487	
487	497	488	487	
488	497	498	488	
488	498	489	488	
489	498	499	489	
489	499	490	489	
490	499	500	490	
490	500	491	490	
491	500	501	491	
491	501	492	491	
492	501	502	492	
492	502	493	492	
493	502	503	493	
493	503	494	493	
494	503	402	494	
494	402	392	494	
144	123	504	144	
144	504	495	144	
495	504	505	495	
495	505	496	495	
496	505	506	496	
496	506	497	496	
497	506	507	497	
497	507	498	497	
498	507	508	498	
498	508	499	498	
499	508	509	499	
499	509	500	499	
500	509	510	500	
500	510	501	500	
501	510	511	501	
501	511	502	501	
502	511	512	502	
502	512	503	502	
503	512	412	503	
503	412	402	503	
123	122	513	123	
123	513	504	123	
504	513	514	504	
504	514	505	504	
505	514	515	505	
505	515	506	505	
506	515	516	506	
506	516	507	506	
507	516	517	507	
507	517	508	507	
508	517	518	508	
508	518	509	508	
509	518	519	509	
509	519	510	509	
510	519	520	510	
510	520	511	510	
511	520	521	511	
511	521	512	511	
512	521	422	512	
512	422	412	512	
422	521	522	422	
422	522	423	422	
423	522	523	423	
423	523	424	423	
424	523	524	424	
424	524	425	424	
425	524	525	425	
425	525	426	425	
426	525	526	426	
426	526	427	426	
427	526	527	427	
427	527	428	427	
428	527	528	428	
428	528	429	428	
429	528	529	429	
429	529	430	429	
430	529	530	430	
430	530	431	430	
431	530	249	431	
431	249	251	431	
521	520	531	521	
521	531	522	521	
522	531	532	522	
522	532	523	522	
523	532	533	523	
523	533	524	523	
524	533	534	524	
524	534	525	524	
525	534	535	525	
525	535	526	525	
526	535	536	526	
526	536	527	526	
527	536	537	527	
527	537	528	527	
528	537	538	528	
528	538	529	528	
529	538	539	529	
529	539	530	529	
530	539	247	530	
530	247	249	530	
520	519	540	520	
520	540	531	520	
531	540	541	531	
531	541	532	531	
532	541	542	532	
532	542	533	532	
533	542	543	533	
533	543	534	533	
534	543	544	534	
534	544	535	534	
535	544	545	535	
535	545	536	535	
536	545	546	536	
536	546	537	536	
537	546	547	537	
537	547	538	537	
538	547	548	538	
538	548	539	538	
539	548	245	539	
539	245	247	539	
519	518	549	519	
519	549	540	519	
540	549	550	540	
540	550	541	540	
541	550	551	541	
541	551	542	541	
542	551	552	542	
542	552	543	542	
543	552	553	543	
543	553	544	543	
544	553	554	544	
544	554	545	544	
545	554	555	545	
545	555	546	545	
546	555	556	546	
546	556	547	546	
547	556	557	547	
547	557	548	547	
548	557	243	548	
548	243	245	548	
518	517	558	518	
518	558	549	518	
549	558	559	549	
549	559	550	549	
550	559	560	550	
550	560	551	550	
551	560	561	551	
551	561	552	551	
552	561	562	552	
552	562	553	552	
553	562	563	553	
553	563	554	553	
554	563	564	554	
554	564	555	554	
555	564	565	555	
555	565	556	555	
556	565	566	556	
556	566	557	556	
557	566	241	557	
557	241	243	557	
517	516	567	517	
517	567	558	517	
558	567	568	558	
558	568	559	558	
559	568	569	559	
559	569	560	559	
560	569	570	560	
560	570	561	560	
561	570	571	561	
561	571	562	561	
562	571	572	562	
562	572	563	562	
563	572	573	563	
563	573	564	563	
564	573	574	564	
564	574	565	564	
565	574	575	565	
565	575	566	565	
566	575	239	566	
566	239	241	566	
516	515	576	516	
516	576	567	516	
567	576	577	567	
567	577	568	567	
568	577	578	568	
568	578	569	568	
569	578	579	569	
569	579	570	569	
570	579	580	570	
570	580	571	570	
571	580	581	571	
571	581	572	571	
572	581	582	572	
572	582	573	572	
573	582	583	573	
573	583	574	573	
574	583	584	574	
574	584	575	574	
575	584	237	575	
575	237	239	575	
515	514	585	515	
515	585	576	515	
576	585	586	576	
576	586	577	576	
577	586	587	577	
577	587	578	577	
578	587	588	578	
578	588	579	578	
579	588	589	579	
579	589	580	579	
580	589	590	580	
580	590	581	580	
581	590	591	581	
581	591	582	581	
582	591	592	582	
582	592	583	582	
583	592	593	583	
583	593	584	583	
584	593	235	584	
584	235	237	584	
514	513	594	514	
514	594	585	514	
585	594	595	585	
585	595	586	585	
586	595	596	586	
586	596	587	586	
587	596	597	587	
587	597	588	587	
588	597	598	588	
588	598	589	588	
589	598	599	589	
589	599	590	589	
590	599	600	590	
590	600	591	590	
591	600	601	591	
591	601	592	591	
592	601	602	592	
592	602	593	592	
593	602	233	593	
593	233	235	593	
513	122	125	513	
513	125	594	513	
594	125	127	594	
594	127	595	594	
595	127	129	595	
595	129	596	595	
596	129	131	596	
596	131	597	596	
597	131	133	597	
597	133	598	597	
598	133	135	598	
598	135	599	598	
599	135	137	599	
599	137	600	599	
600	137	139	600	
600	139	601	600	
601	139	141	601	
601	141	602	601	
602	141	143	602	
602	143	233	602	
